2 0.000000 166.667000 428.927790
25 16 
1 -189.094130 0.000000 -189.094130 166.639042 0.000591 2.909463 0.000031 
2 200.960492 0.000000 -189.094130 166.639263 0.000389 2.891649 0.000032 
3 200.960492 0.000000 190.088521 166.644496 -0.000627 2.890390 -0.000031 
4 -189.094130 0.000000 190.088521 166.644261 -0.000715 2.909440 -0.000032 
5 5.933181 0.000000 0.497196 166.364149 14.816319 -7.327475 -0.006205 
6 -189.094130 0.000000 0.497196 166.641672 -0.000132 2.911688 -0.000001 
7 5.933181 0.000000 -189.094130 166.631790 0.002302 2.900368 0.000120 
8 200.960492 0.000000 0.497196 166.774155 -7.043313 -4.623098 -0.003842 
9 5.933181 0.000000 190.088521 166.651745 -0.002443 2.900100 -0.000120 
10 -91.580475 0.000000 -94.298467 166.631353 0.002438 2.911642 0.000123 
11 -189.094130 0.000000 -94.298467 166.639407 0.000470 2.910779 0.000026 
12 -91.580475 0.000000 -189.094130 166.635406 0.001475 2.907878 0.000075 
13 5.933181 0.000000 -94.298467 166.602745 0.009005 2.875893 0.000473 
14 -91.580475 0.000000 0.497196 166.641860 -0.000580 2.920521 -0.000005 
15 103.446837 0.000000 -94.298467 166.632230 0.001064 2.841673 0.000126 
16 103.446837 0.000000 -189.094130 166.635561 0.001306 2.892986 0.000076 
17 200.960492 0.000000 -94.298467 166.640404 -0.000899 2.844622 0.000028 
18 103.446837 0.000000 0.497196 166.709862 -48.704964 -0.947120 -0.085945 
19 103.446837 0.000000 95.292858 166.653065 -0.001972 2.836764 -0.000122 
20 5.933181 0.000000 95.292858 166.681693 -0.009388 2.874789 -0.000474 
21 200.960492 0.000000 95.292858 166.645074 -0.000205 2.835102 -0.000026 
22 103.446837 0.000000 190.088521 166.648124 -0.001472 2.892288 -0.000075 
23 -91.580475 0.000000 95.292858 166.652177 -0.002939 2.911539 -0.000127 
24 -189.094130 0.000000 95.292858 166.643922 -0.000677 2.910761 -0.000028 
25 -91.580475 0.000000 190.088521 166.647975 -0.001646 2.907802 -0.000076 
1 1 12 10 11 
2 12 7 13 10 
3 10 13 5 14 
4 11 10 14 6 
5 7 16 15 13 
6 16 2 17 15 
7 15 17 8 18 
8 13 15 18 5 
9 5 18 19 20 
10 18 8 21 19 
11 19 21 3 22 
12 20 19 22 9 
13 6 14 23 24 
14 14 5 20 23 
15 23 20 9 25 
16 24 23 25 4 
